Date,Credit/Debit,Balance,Category
4/7/2024,-5,1234.46,Eating out
4/7/2024,-17.71,1239.46,Eating out
3/7/2024,-22.95,1257.17,Entertainment
3/7/2024,-15,1280.12,Entertainment
3/7/2024,-6.64,1295.12,Eating out
3/7/2024,-1,1301.76,Food
3/7/2024,-4,1302.76,Food
3/7/2024,-6.2,1306.76,Eating out
3/7/2024,-45,1312.96,Entertainment
3/7/2024,-3.15,1357.96,Food
2/7/2024,-10,1361.11,Entertainment
2/7/2024,-4.27,1371.11,Eating out
2/7/2024,-2.9,1375.38,Food
2/7/2024,-30,1378.28,Eating out
2/7/2024,-17.69,1408.28,Food
2/7/2024,-5.8,1425.97,Eating out
2/7/2024,-12.14,1431.77,Eating out
2/7/2024,-6.7,1443.91,Food
2/7/2024,-22.9,1450.61,Food
2/7/2024,-11.61,1473.51,Food
2/7/2024,-8.25,1485.12,Eating out
2/7/2024,-27.13,1493.37,Eating out
2/7/2024,-5.55,1520.5,Entertainment
1/7/2024,-15.86,1526.05,Eating out
30/6/2024,-10,1541.91,Food
29/6/2024,-97.49,1551.91,Travel
28/6/2024,-4.6,1649.4,Eating out
28/6/2024,-47.13,1654,Food
28/6/2024,-4.6,1701.13,Travel
28/6/2024,-20.48,1705.73,Food
27/6/2024,-6.71,1726.21,Entertainment
27/6/2024,726,1732.92,Food
27/6/2024,-101.19,1006.92,Eating out
27/6/2024,-1.69,1108.11,Entertainment
27/6/2024,-6.5,1109.8,Eating out
27/6/2024,-5.59,1116.3,Eating out
27/6/2024,-14.3,1121.89,Eating out
27/6/2024,-14.9,1136.19,Food
26/6/2024,-1.15,1151.09,Food
26/6/2024,-27.93,1152.24,Eating out
26/6/2024,-12.3,1180.17,Food
26/6/2024,-5.66,1192.47,Eating out
26/6/2024,-22.95,1198.13,Entertainment
26/6/2024,-12.25,1221.08,Eating out
26/6/2024,-5.55,1233.33,Eating out
26/6/2024,-10,1238.88,Food
25/6/2024,-34.5,1248.88,Food
25/6/2024,-5.59,1283.38,Eating out
25/6/2024,-32,1288.97,Food
25/6/2024,-30,1320.97,Food
24/6/2024,-17.02,1350.97,Food
24/6/2024,-12.75,1367.99,Entertainment
24/6/2024,-11,1380.74,Utilities
24/6/2024,-23.38,1391.74,Eating out
23/6/2024,-5,1415.12,Food
23/6/2024,-88,1420.12,Food
22/6/2024,-5.6,1508.12,Entertainment
22/6/2024,-5,1513.72,Travel
22/6/2024,-23.5,1518.72,Travel
21/6/2024,-10,1542.22,Travel
21/6/2024,-15.5,1552.22,Eating out
21/6/2024,-5.55,1567.72,Eating out
21/6/2024,-21.32,1573.27,Food
21/6/2024,-25,1594.59,Eating out
21/6/2024,-18,1619.59,Eating out
21/6/2024,-6.7,1637.59,Food
20/6/2024,726,1644.29,Eating out
20/6/2024,-23.8,918.29,Food
19/6/2024,-9.16,942.09,Food
19/6/2024,-22.95,951.25,Eating out
19/6/2024,-113.93,974.2,Food
19/6/2024,-7.98,1088.13,Food
18/6/2024,-5.5,1096.11,Food
18/6/2024,-5.1,1101.61,Eating out
18/6/2024,-5.55,1106.71,Food
17/6/2024,-4.98,1112.26,Entertainment
15/6/2024,-38.55,1117.24,Eating out
14/6/2024,-7,1155.79,Food
14/6/2024,-16.15,1162.79,Eating out
14/6/2024,-24.88,1178.94,Food
14/6/2024,-11.99,1203.82,Eating out
14/6/2024,-5.3,1215.81,Eating out
14/6/2024,-18.5,1221.11,Entertainment
14/6/2024,-5.56,1239.61,Food
13/6/2024,507,1245.17,Food
13/6/2024,-5.6,738.17,Eating out
13/6/2024,-14.97,743.77,Food
13/6/2024,-30,758.74,Eating out
12/6/2024,-14,788.74,Food
12/6/2024,-22.95,802.74,Food
12/6/2024,-7.86,825.69,Food
11/6/2024,-4.5,833.55,Utilities
11/6/2024,-21,838.05,Travel
11/6/2024,-12,859.05,Food
11/6/2024,-17.5,871.05,Eating out
11/6/2024,-39.75,888.55,Eating out
11/6/2024,-15.6,928.3,Food
11/6/2024,-4,943.9,Travel
11/6/2024,-5.55,947.9,Eating out
10/6/2024,-23.9,953.45,Utilities
10/6/2024,-5.94,977.35,Eating out
10/6/2024,-5.08,983.29,Food
10/6/2024,-14.14,988.37,Entertainment
9/6/2024,-24.2,1002.51,Travel
9/6/2024,-6.65,1026.71,Entertainment
9/6/2024,-18.5,1033.36,Eating out
9/6/2024,-5.56,1051.86,Eating out
8/6/2024,-26.24,1057.42,Eating out
8/6/2024,-5.3,1083.66,Food
8/6/2024,-3.7,1088.96,Eating out
7/6/2024,-90.99,1092.66,Food
7/6/2024,-5.59,1183.65,Entertainment
7/6/2024,-6.56,1189.24,Food
7/6/2024,-4.4,1195.8,Eating out
7/6/2024,-4.2,1200.2,Travel
7/6/2024,-4.58,1204.4,Eating out
7/6/2024,-11.2,1208.98,Food
7/6/2024,-13,1220.18,Travel
7/6/2024,-36.62,1233.18,Food
6/6/2024,-19.17,1269.8,Eating out
6/6/2024,-1,1288.97,Travel
6/6/2024,-5.1,1289.97,Eating out
6/6/2024,-14.6,1295.07,Food
6/6/2024,-4.74,1309.67,Eating out
5/6/2024,-17,1314.41,Entertainment
5/6/2024,-22.95,1331.41,Food
5/6/2024,-6,1354.36,Eating out
4/6/2024,-6.45,1360.36,Eating out
4/6/2024,-6,1366.81,Eating out
4/6/2024,-6.64,1372.81,Entertainment
4/6/2024,-53.2,1379.45,Eating out
4/6/2024,-14.6,1432.65,Travel
1/6/2024,-38.88,1447.25,Food
1/6/2024,38.88,1486.13,Eating out
31/5/2024,-21580,1447.25,Eating out
31/5/2024,21579.36,23027.25,Eating out
31/5/2024,-6,1447.89,Eating out
31/5/2024,-5,1453.89,Food
31/5/2024,-14.13,1458.89,Food
30/5/2024,-1500,1473.02,Eating out
30/5/2024,-19.95,2973.02,Food
30/5/2024,-11.9,2992.97,Food
30/5/2024,-12.9,3004.87,Food
29/5/2024,726,3017.77,Food
29/5/2024,-105.99,2291.77,Travel
29/5/2024,-22.95,2397.76,Eating out
29/5/2024,-27.08,2420.71,Eating out
28/5/2024,-21,2447.79,Eating out
28/5/2024,-13.01,2468.79,Travel
28/5/2024,-8.9,2481.8,Food
28/5/2024,-5.55,2490.7,Eating out
27/5/2024,-14.13,2496.25,Travel
27/5/2024,-4.98,2510.38,Travel
27/5/2024,-13.62,2515.36,Travel
26/5/2024,-4.56,2528.98,Food
26/5/2024,-2.65,2533.54,Eating out
26/5/2024,-1.25,2536.19,Food
26/5/2024,-26.7,2537.44,Eating out
25/5/2024,-3.6,2564.14,Food
25/5/2024,-5,2567.74,Utilities
25/5/2024,-6.5,2572.74,Eating out
25/5/2024,-5.5,2579.24,Eating out
25/5/2024,-5.4,2584.74,Food
24/5/2024,-2.5,2590.14,Food
24/5/2024,-18.09,2592.64,Food
23/5/2024,-19.95,2610.73,Eating out
23/5/2024,-13.62,2630.68,Travel
22/5/2024,726,2644.3,Eating out
22/5/2024,-14.17,1918.3,Utilities
22/5/2024,-9.2,1932.47,Travel
22/5/2024,-21,1941.67,Food
22/5/2024,-19,1962.67,Food
22/5/2024,-22.95,1981.67,Food
22/5/2024,-5.4,2004.62,Food
22/5/2024,-100.11,2010.02,Travel
22/5/2024,-5.99,2110.13,Food
22/5/2024,-30,2116.12,Eating out
21/5/2024,-4.2,2146.12,Eating out
21/5/2024,-1.1,2150.32,Food
21/5/2024,-1.1,2151.42,Travel
21/5/2024,-15.8,2152.52,Eating out
21/5/2024,-2.5,2168.32,Food
21/5/2024,-5.59,2170.82,Entertainment
21/5/2024,-4.45,2176.41,Food
21/5/2024,-62.99,2180.86,Utilities
21/5/2024,-21.69,2243.85,Eating out
21/5/2024,-25,2265.54,Eating out
21/5/2024,-13.62,2290.54,Food
20/5/2024,-169,2304.16,Eating out
20/5/2024,-5.08,2473.16,Eating out
20/5/2024,-2.5,2478.24,Travel
20/5/2024,-2.54,2480.74,Food
20/5/2024,-13.62,2483.28,Utilities
18/5/2024,-68.9,2496.9,Eating out
18/5/2024,-0.45,2565.8,Eating out
18/5/2024,-6,2566.25,Eating out
18/5/2024,-5.3,2572.25,Eating out
18/5/2024,-8.6,2577.55,Eating outuções
17/5/2024,-6.9,2586.15,Eating out
17/5/2024,-23.5,2593.05,Eating out
17/5/2024,-8.07,2616.55,Eating out
17/5/2024,-6.56,2624.62,Entertainment
17/5/2024,-4,2631.18,Eating out
17/5/2024,-12.1,2635.18,Eating out
17/5/2024,-5.35,2647.28,Food
16/5/2024,-9.6,2652.63,Eating out
16/5/2024,-8.48,2662.23,Food
16/5/2024,-7.93,2670.71,Eating out
15/5/2024,726,2678.64,Eating out
15/5/2024,-4.5,1952.64,Eating out
15/5/2024,-7.54,1957.14,Eating out
15/5/2024,-5.55,1964.68,Eating out
15/5/2024,-5.3,1970.23,Eating out
15/5/2024,-22.95,1975.53,Food
15/5/2024,-8.8,1998.48,Eating out
15/5/2024,1738.08,2007.28,Eating out
14/5/2024,-13,269.2,Travel
14/5/2024,-8.17,282.2,Utilities
14/5/2024,-1.25,290.37,Food
14/5/2024,-6.1,291.62,Food
14/5/2024,-4,297.72,Eating out
14/5/2024,-1738.08,301.72,Eating out
13/5/2024,-11.1,2039.8,Food
13/5/2024,-8.13,2050.9,Utilities
12/5/2024,-79,2059.03,Eating out
12/5/2024,-52.9,2138.03,Eating out
12/5/2024,-7.5,2190.93,Utilities
12/5/2024,-11.05,2198.43,Food
11/5/2024,-24,2209.48,Eating out
10/5/2024,-17.98,2233.48,Eating out
10/5/2024,-29.9,2251.46,Food
10/5/2024,-16.67,2281.36,Entertainment
10/5/2024,-4,2298.03,Eating out
10/5/2024,-14.3,2302.03,Eating out
10/5/2024,-30,2316.33,Eating out
9/5/2024,30,2346.33,Eating out
9/5/2024,-6,2316.33,Eating out
9/5/2024,-29.4,2322.33,Eating out
9/5/2024,-11.98,2351.73,Eating out
8/5/2024,-1.1,2363.71,Eating out
8/5/2024,-24.1,2364.81,Eating out
8/5/2024,521.38,2388.91,Food
8/5/2024,-17,1867.53,Eating out
8/5/2024,-6.08,1884.53,Eating out
8/5/2024,-22.95,1890.61,Eating out
8/5/2024,-61,1913.56,Food
7/5/2024,-17.18,1974.56,Food
7/5/2024,-46.77,1991.74,Eating out
7/5/2024,-33.5,2038.51,Eating out
7/5/2024,-17.04,2072.01,Utilities
5/5/2024,-6,2089.05,Eating out
4/5/2024,-16.67,2095.05,Entertainment
4/5/2024,-4.7,2111.72,Eating out
4/5/2024,-5.64,2116.42,Eating out
4/5/2024,-50.17,2122.06,Eating out
3/5/2024,-17.9,2172.23,Eating out
3/5/2024,-14.03,2190.13,Eating out
3/5/2024,-3.75,2204.16,Eating out
2/5/2024,278,2207.91,Eating out
2/5/2024,-11.1,1929.91,Eating out
2/5/2024,-13.4,1941.01,Entertainment
2/5/2024,-10,1954.41,Food
1/5/2024,507,1964.41,Travel
1/5/2024,-5.4,1457.41,Food
1/5/2024,-22.95,1462.81,Eating out
1/5/2024,-5,1485.76,Travel
1/5/2024,-4.79,1490.76,Food
1/5/2024,-48.64,1495.55,Utilities
1/5/2024,-6.2,1544.19,Food
30/4/2024,-5.79,1550.39,Food
30/4/2024,-16.25,1556.18,Eating out
30/4/2024,-27,1572.43,Food
30/4/2024,-3.5,1599.43,Eating out
30/4/2024,-5.3,1602.93,Eating out
30/4/2024,-15.6,1608.23,Eating out
30/4/2024,-5.7,1623.83,Eating out
30/4/2024,-34.35,1629.53,Eating out
30/4/2024,-21.9,1663.88,Eating out
30/4/2024,-10.5,1685.78,Eating out
30/4/2024,-4.5,1696.28,Eating out
30/4/2024,-25,1700.78,Eating out
30/4/2024,-9.9,1725.78,Utilities
30/4/2024,-27.65,1735.68,Eating out
30/4/2024,-8,1763.33,Eating out
29/4/2024,-19.31,1771.33,Eating out
28/4/2024,-8.25,1790.64,Eating out
28/4/2024,-28,1798.89,Eating out
28/4/2024,-22.2,1826.89,Eating out
27/4/2024,-27.5,1849.09,Food
27/4/2024,-2.85,1876.59,Food
27/4/2024,-53.07,1879.44,Eating out
26/4/2024,-1.1,1932.51,Eating out
26/4/2024,-10.8,1933.61,Eating out
25/4/2024,-30,1944.41,Food
24/4/2024,752.75,1974.41,Eating out
24/4/2024,-4.5,1221.66,Eating out
24/4/2024,-15.96,1226.16,Eating out
24/4/2024,-18,1242.12,Food
24/4/2024,-9.96,1260.12,Eating out
24/4/2024,-18.95,1270.08,Food
24/4/2024,-5.4,1289.03,Eating out
24/4/2024,-6.2,1294.43,Eating out
23/4/2024,-19.31,1300.63,Eating out
23/4/2024,-5.08,1319.94,Entertainment
23/4/2024,-6.3,1325.02,Eating out
23/4/2024,-6.3,1331.32,Eating out
23/4/2024,-6.7,1337.62,Eating out
23/4/2024,-6.97,1344.32,Food
23/4/2024,-8.13,1351.29,Food
22/4/2024,-17.18,1359.42,Eating out
22/4/2024,-10.09,1376.6,Eating out
20/4/2024,-10.81,1386.69,Eating out
20/4/2024,-14.17,1397.5,Food
20/4/2024,-12.5,1411.67,Eating out
20/4/2024,-25,1424.17,Eating out
19/4/2024,-18.99,1449.17,Eating out
19/4/2024,-16.9,1468.16,Food
19/4/2024,-9.96,1485.06,Eating out
19/4/2024,-12.11,1495.02,Eating out
19/4/2024,-15,1507.13,Food
19/4/2024,-31,1522.13,Eating out
19/4/2024,-3,1553.13,Eating out
19/4/2024,-9.5,1556.13,Food
19/4/2024,-309,1565.63,Eating out
18/4/2024,-27,1874.63,Eating out
18/4/2024,-30,1901.63,Eating out
17/4/2024,699.25,1931.63,Eating out
17/4/2024,-8,1232.38,Eating out
17/4/2024,-104.48,1240.38,Eating out
17/4/2024,-18.95,1344.86,Eating out
17/4/2024,-119.98,1363.81,Eating out
16/4/2024,-4.5,1483.79,Entertainment
16/4/2024,-19.18,1488.29,Eating out
16/4/2024,-9.66,1507.47,Eating out
16/4/2024,-35,1517.13,Eating out շաբաթ
16/4/2024,-18.65,1552.13,Eating out
15/4/2024,50,1570.78,Eating out
15/4/2024,-9.66,1520.78,Eating out
15/4/2024,-10.09,1530.44,Food
14/4/2024,-12.95,1540.53,Eating out
13/4/2024,-5.4,1553.48,Eating out
13/4/2024,-9.6,1558.88,Eating out
13/4/2024,-28.85,1568.48,Eating out
13/4/2024,-12.81,1597.33,Eating out
12/4/2024,-6.2,1610.14,Eating out
12/4/2024,-5.08,1616.34,Food
11/4/2024,-19.18,1621.42,Eating out
11/4/2024,-5.7,1640.6,Eating out
11/4/2024,-26,1646.3,Eating out
10/4/2024,900,1672.3,Eating out
10/4/2024,388.75,772.3,Eating out
10/4/2024,-13.25,383.55,Eating out
10/4/2024,-6.64,396.8,Eating out
10/4/2024,-18.95,403.44,Eating out
10/4/2024,-11.4,422.39,Eating out
9/4/2024,-15.96,433.79,Eating outԵղարկա
9/4/2024,-7,449.75,Eating out
9/4/2024,-10.3,456.75,Eating out
9/4/2024,-6.64,467.05,Eating out
9/4/2024,-30,473.69,Eating out
9/4/2024,-10.09,503.69,Eating out
8/4/2024,-18,513.78,Eating out
8/4/2024,-2.54,531.78,Eating out
8/4/2024,-11.15,534.32,Eating out
6/4/2024,-4.5,545.47,Eating out
6/4/2024,-29,549.97,Eating out
6/4/2024,-7.98,578.97,Eating out
5/4/2024,-2.5,586.95,Eating out
5/4/2024,5.59,589.45,Eating out
5/4/2024,-10.16,583.86,Eating out
5/4/2024,-5.59,594.02,Eating out
5/4/2024,-30,599.61,Food
5/4/2024,-17,629.61,Entertainment
4/4/2024,-13,646.61,Food
4/4/2024,-18.95,659.61,Eating out
4/4/2024,-34.93,678.56,Eating out
3/4/2024,278,713.49,Eating out
3/4/2024,-12.2,435.49,Eating out
3/4/2024,-71.49,447.69,Eating out
3/4/2024,-56.43,519.18,Eating out
3/4/2024,-10.17,575.61,Eating out
3/4/2024,-3.5,585.78,Eating out
3/4/2024,-12.55,589.28,Eating out
3/4/2024,-5.9,601.83,Eating out
3/4/2024,-16.83,607.73,Eating out
3/4/2024,-3,624.56,Eating out
3/4/2024,-10.32,627.56,Eating out
3/4/2024,-33.93,637.88,Eating out
3/4/2024,-26.21,671.81,Eating out
3/4/2024,-67.96,698.02,Eating out
3/4/2024,-8.36,765.98,eating out Fighting
3/4/2024,25,774.34,eating out
3/4/2024,-15.04,749.34,eating out
1/4/2024,-20.58,764.38,Eating out
30/3/2024,-1,784.96,Eating out
30/3/2024,-3.2,785.96,Eating out
29/3/2024,-15.9,789.16,Eating out
28/3/2024,-8,805.06,Food
28/3/2024,-0.36,813.06,Eating out
28/3/2024,-11.68,813.42,Eating out
27/3/2024,671.5,825.1,Eating out
27/3/2024,-5,153.6,Food
27/3/2024,-295,158.6,Eating out
27/3/2024,400,453.6,Eating out
27/3/2024,-27,53.6,Eating out
27/3/2024,-5,80.6,Eating out
27/3/2024,-18.95,85.6,Eating out
27/3/2024,-19.18,104.55,Eating out
26/3/2024,-26,123.73,Eating out
26/3/2024,-10.73,149.73,Eating out
26/3/2024,-6.64,160.46,Eating out
26/3/2024,-5.4,167.1,Eating out
26/3/2024,-17.5,172.5,Eating out
26/3/2024,-6.64,190,Eating out
26/3/2024,-5,196.64,Eating out
26/3/2024,-30,201.64,Eating out
23/3/2024,-3.5,231.64,Eating out
22/3/2024,-16.77,235.14,Eating out
22/3/2024,-5.1,251.91,Eating out
21/3/2024,80,257.01,Eating out
